>>>Bus Voltage                                                                                                                      
 BUSNo     BUSName        Vol_pu     Vol_kV      Ang                                                                                
     1 发电机1 16.5      1.010000     16.66      0.00                                                                               
     2 母线1   230.      1.038772    238.92     -3.44                                                                               
     3 母线A   230.      1.006125    231.41     -6.16                                                                               
     4 母线B   230.      1.022197    235.11     -5.46                                                                               
     5 母线C   230.      1.031937    237.35     -3.15                                                                               
     6 母线2   230.      1.042976    239.88     -0.75                                                                               
     7 发电机2 18.0      1.010000     18.18      5.09                                                                               
     8 母线3   230.      1.053444    242.29     -1.31                                                                               
     9 发电机3 13.8      1.010000     13.94      1.52                                                                               
>>>Gen MW/MVAR                                                                                                                      
 BUSNo     BUSName     GENID    PMW    QMVAR     Q_max   Q_min   V_set  RBusN   RVol    Vhi   LVol    Vlo                           
     1,发电机1 16.5    ,'1 ',   105.4,    43.7,   999.0,     0.0,1.010,     0,1.0100,1.0100,1.0100,1.0100                           
     7,发电机2 18.0    ,'1 ',   163.0,    38.6,   999.0,     0.0,1.010,     0,1.0100,1.0100,1.0100,1.0100                           
     9,发电机3 13.8    ,'1 ',    85.0,    17.2,   999.0,     0.0,1.010,     0,1.0100,1.0100,1.0100,1.0100                           
>>>Line/Transformer MW/MVAR Flow                                                                                                                                    
FBUSNo     FBUSName     TBUSNo     TBUSName    CKD    PFT       QFT       PTF       QTF        DP        DQ       QFCHRG    QTCHRG                                  
     2 母线1   230.          3 母线A   230.            62.45     29.19    -61.98    -34.41      0.47     -5.22      4.75      4.45                                  
     2 母线1   230.          4 母线B   230.            42.96      7.24    -42.65    -13.94      0.31     -6.70      4.26      4.13                                  
     3 母线A   230.          6 母线2   230.           -63.02    -15.34     64.29      5.68      1.27     -9.66      7.74      8.32                                  
     4 母线B   230.          8 母线3   230.           -47.35    -15.61     48.20      0.04      0.85    -15.57      9.35      9.93                                  
     6 母线2   230.          5 母线C   230.            63.71      5.73    -63.39    -11.00      0.32     -5.27      4.05      3.97                                  
     5 母线C   230.          8 母线3   230.           -36.61    -22.71     36.80     12.89      0.18     -9.82      5.56      5.80                                  
     1 发电机1 16.5          2 母线1   230.           105.41     43.66   -105.41    -36.43     -0.00      7.24                                                      
     7 发电机2 18.0          6 母线2   230.           163.00     38.60   -163.00    -21.41      0.00     17.19                                                      
     9 发电机3 13.8          8 母线3   230.            85.00     17.25    -85.00    -12.93      0.00      4.32                                                      
